-42.000000
14.000000
14.000000
14.000000
14.000000
-28.000000
-28.000000
-28.000000
-28.000000
-28.000000
-41.000000
-41.000000
-41.000000
-14.000000
-14.000000
-14.000000
-14.000000
-14.000000
-27.000000
-27.000000
-27.000000
-41.000000
-41.000000
-41.000000
-41.000000
-41.000000
-41.000000
-41.000000
-27.000000
-27.000000
-27.000000
-27.000000
-27.000000
-27.000000
-27.000000
-27.000000
-41.000000
-41.000000
-41.000000
-27.000000
-27.000000
-27.000000
-27.000000
-14.000000
-14.000000
-14.000000
-14.000000
-14.000000
0.000000
0.000000
0.000000
-27.000000
-27.000000
-27.000000
-41.000000
-41.000000
-41.000000
-41.000000
-41.000000
-27.000000
-27.000000
-27.000000
-27.000000
-14.000000
-14.000000
-14.000000
-27.000000
-27.000000
-27.000000
-69.000000
-69.000000
-69.000000
-69.000000
-69.000000
-27.000000
-27.000000
-27.000000
-27.000000
-27.000000
-27.000000
-27.000000
-55.000000
-55.000000
-55.000000
-55.000000
-14.000000
-14.000000
-14.000000
-14.000000
0.000000
0.000000
0.000000
0.000000
-14.000000
-14.000000
-14.000000
-27.000000
-27.000000
-27.000000
-27.000000
-14.000000
-14.000000
-14.000000
-14.000000
-55.000000
-55.000000
-55.000000
-55.000000
-27.000000
-27.000000
