279.000000
208.000000
157.000000
134.000000
183.000000
170.000000
139.000000
160.000000
134.000000
131.000000
138.000000
128.000000
131.000000
126.000000
128.000000
126.000000
121.000000
120.000000
119.000000
123.000000
146.000000
162.000000
170.000000
174.000000
180.000000
183.000000
189.000000
192.000000
196.000000
198.000000
198.000000
201.000000
207.000000
213.000000
232.000000
239.000000
239.000000
238.000000
232.000000
231.000000
257.000000
292.000000
283.000000
244.000000
244.000000
250.000000
273.000000
297.000000
298.000000
263.000000
321.000000
342.000000
345.000000
316.000000
310.000000
303.000000
304.000000
307.000000
311.000000
323.000000
333.000000
336.000000
333.000000
349.000000
370.000000
380.000000
390.000000
398.000000
407.000000
414.000000
416.000000
421.000000
423.000000
434.000000
444.000000
468.000000
607.000000
546.000000
487.000000
528.000000
485.000000
472.000000
479.000000
486.000000
507.000000
522.000000
532.000000
543.000000
557.000000
572.000000
591.000000
611.000000
631.000000
644.000000
651.000000
679.000000
689.000000
704.000000
714.000000
722.000000
730.000000
726.000000
721.000000
710.000000
708.000000
703.000000
675.000000
642.000000
623.000000
602.000000
562.000000
528.000000
501.000000
477.000000
451.000000
419.000000
393.000000
351.000000
317.000000
285.000000
260.000000
228.000000
209.000000
195.000000
191.000000
258.000000
240.000000
185.000000
145.000000
166.000000
220.000000
258.000000
313.000000
291.000000
274.000000
172.000000
140.000000
113.000000
109.000000
104.000000
410.000000
526.000000
349.000000
264.000000
268.000000
525.000000
709.000000
495.000000
316.000000
433.000000
380.000000
244.000000
178.000000
680.000000
697.000000
337.000000
216.000000
145.000000
111.000000
90.000000
97.000000
168.000000
131.000000
93.000000
246.000000
475.000000
530.000000
544.000000
361.000000
233.000000
260.000000
511.000000
572.000000
486.000000
299.000000
211.000000
303.000000
234.000000
301.000000
837.000000
675.000000
342.000000
311.000000
158.000000
81.000000
87.000000
89.000000
93.000000
105.000000
91.000000
77.000000
103.000000
97.000000
57.000000
174.000000
233.000000
248.000000
155.000000
169.000000
170.000000
243.000000
173.000000
102.000000
75.000000
156.000000
203.000000
237.000000
179.000000
108.000000
